  -0.395979   -0.984011       2.212
  -0.328762    0.564062     1.30913
  -0.401459   -0.961111     2.28284
    1.03763     2.15483      1.5731
    1.03198     1.61607       1.256
  -0.303755    0.980202     1.36898
   0.645779   -0.178168     1.61062
   0.914792     1.24851     2.42524
   0.628542     2.04394      1.2865
    1.25007     1.36194     2.09233
   0.776489      2.2291     1.55528
  -0.476802   -0.928916     2.19786
   0.560427     1.15493      2.5371
    0.76617   -0.210286     2.34681
   0.557549     1.90319     2.11644
  -0.313802   -0.942281        2.39
   0.200682   -0.714942     2.52991
   0.497544    0.256575     1.26118
   0.530708   -0.390878      1.6951
    0.59844     2.19244     1.54947
    1.00018     2.18309     1.59896
  -0.511665    0.315465     2.34497
   0.537292    -0.59618     2.07515
  -0.429014   -0.967929     2.16027
  -0.560071   0.0176183     2.38457
   -0.42694    0.867738     2.11211
   0.711651     1.81278     2.20974
  0.0370276   -0.967156     2.07462
    0.99876     2.11972     1.84362
   0.200774     1.66901     2.14575
  -0.173536   -0.854914     1.80149
   0.624495    0.606883     2.64479
  -0.557327    0.604492      2.0637
  -0.673593    -0.59283     2.08324
  0.0881485   -0.445738     1.49827
  -0.315618     1.23411     1.61563
   0.821349    0.563286     2.56219
    1.04055     1.54192     2.25821
  -0.174791     1.48599     1.77261
  -0.694353   -0.349786     1.87611
  -0.406089   -0.869937     1.89026
   0.772337  -0.0601942     1.65095
   0.987257     2.12438      1.4398
  -0.457564    0.146734      2.4649
  -0.582842   -0.797695     2.18489
  -0.364647    0.243874     1.34576
 -0.0235585     1.32725     2.25221
   0.916811     2.19814     1.50833
   0.979661     2.18502     1.55062
    1.02713    0.657283     1.45642
  -0.389562    0.860455     2.18732
 -0.0207772    -1.00335     2.21824
  -0.417789   -0.901543     2.35885
    1.17022     1.83519     1.43511
   0.178152   0.0529433     1.26438
    0.85914     2.13237     1.37532
   0.934155     2.17276     1.46771
    1.03758     1.91156     1.32649
  -0.407153   -0.968583     2.07752
  -0.573918   -0.755038      2.2814
   0.459574   -0.331654     2.59975
    0.85735     2.21457     1.51316
-0.00682402      1.6504     1.91648
    1.02143     2.16754     1.58025
   0.193679     1.29892     2.40686
  -0.313324    0.824899     2.31458
  -0.218821    0.613546     2.50154
   0.168748     1.59232     2.19094
    1.15673     1.99979     1.53194
   0.869447    0.303423     1.48278
  -0.160971     1.29294     2.13238
   0.391652     1.78921     2.15462
   0.852457      2.0142     2.03288
  -0.428057   -0.959623     2.23512
   0.875611   0.0843234     1.66089
   0.171306    0.681398     2.64554
  -0.419746   -0.343781      2.5566
   0.771028     2.15675     1.38758
  -0.365562    0.809166     2.26127
     0.6922   -0.211475     1.69711
    1.01601     2.16085     1.54142
   0.803978     1.93244     1.22583
    0.99786     2.18295     1.58777
    1.00684    0.630014     1.44656
   0.438837     2.12043     1.58946
 -0.0599707    0.242271     2.67924
  -0.459206   -0.455855     2.51975
   0.985911     1.67279     1.23149
   0.408961      2.0127     1.35978
   0.167456   -0.765908      1.8086
   0.863449     2.22885     1.62991
  -0.716186   -0.311921     1.96924
   0.470087     2.11203     1.76599
 -0.0159287   -0.314452     1.41334
  -0.667224   -0.244724     2.25774
    1.14825     1.71969      1.3737
    1.20167    0.643785     1.87203
  -0.666309   -0.406196     2.25509
   0.127081   -0.657627     1.67107
   0.598684     1.34808     2.46313
   0.506241     1.79511     2.19393
    1.09529    0.728923     1.50867
   0.128349   -0.926358     2.29186
  -0.517734   -0.826155     2.31292
  -0.165382     1.34164     1.38784
   0.905411     1.19961     1.19182
  -0.083878    0.819482     2.50207
  -0.284861     1.30874     1.78732
   -0.50699   -0.888544     2.05323
   0.476562     1.99669     1.29807
  -0.236668   -0.892948     1.85059
  -0.298601 -0.00521317     1.35578
   0.358229    -0.54753      1.6999
  -0.326693   -0.587844     2.57936
   0.153964    0.874191     2.58207
    1.08664     2.11289     1.72735
  -0.232289    -1.03237     2.19487
    1.30583     1.61824     1.81061
    1.02619     2.16568      1.5873
  -0.447838   -0.861752     2.36971
    1.13531     1.59256     1.34433
   0.918646     1.04683      2.4689
  -0.622711   0.0887039     2.26408
   0.772023     2.22963      1.6604
    1.08893     1.54248     1.29785
   0.382074     2.05878     1.77199
   0.487152    0.970955     2.59632
    1.31423     1.25678     1.89061
   0.149653   -0.842428     1.90651
  -0.120136    -1.01808     2.27639
   0.548334     2.15813     1.73643
   -0.39808   -0.982538     2.21417
  -0.438761   -0.961142      2.1766
 -0.0721341    -1.00657     2.28741
   0.358563     1.87616     2.04821
  -0.673315   -0.107705     2.22003
   0.416242     1.25632     1.06782
  -0.267499   -0.965238     2.38136
   0.119236   -0.625967     1.63989
   -0.64382   -0.681694     2.11753
  -0.398878   -0.984299     2.19598
  -0.032778     0.78822     1.14864
  -0.421487   -0.105086      2.5445
  -0.183316     1.47523     1.64654
  -0.504848   -0.857789     2.29613
  -0.401657   -0.981239     2.20936
 -0.0238898   -0.868027     2.49153
   0.650919     2.13456     1.86941
  -0.262349    -1.02177     2.25644
  -0.101379    -1.02223      2.2342
    1.08807    0.695109     1.51712
    1.08092     2.12863     1.65961
   0.999917     2.16914     1.53563
-0.000567198    0.487101     2.64884
  -0.395316   -0.434345     2.56708
   0.901398  -0.0728444     1.97581
   -0.31529   -0.884498      1.8602
   0.937643    0.388365     1.50515
   0.112901     1.07337     1.10912
     1.2213      1.2163     2.16477
   -0.68588   -0.522774     2.13238
  -0.294207   -0.986763     2.33359
    1.03447     2.12398     1.49175
    1.13873     1.83753       2.018
   0.687944     1.57223     2.35559
  -0.381738   -0.990955     2.12622
   0.323947     1.31493     2.44419
   0.232497   -0.199385     1.38775
    1.24791    0.903344     1.72535
   0.128587    -0.91097     2.02889
  -0.592407   -0.630741     2.33239
  -0.198451     1.42123     1.87397
  0.0381711     1.57312     2.08975
  -0.376137   -0.994516     2.20852
    1.17638     1.38335     1.39844
   0.984211     2.18593     1.56405
  -0.549696    0.713209     1.74296
   0.121464   -0.813554     2.48694
    0.97434     2.16121     1.48336
  -0.534947   -0.806982     1.94912
    1.02944     0.26968     1.76596
  -0.270461   -0.366766     1.47427
   0.975952     1.44612     2.33247
   0.519732      1.9085     2.09898
  -0.412119    0.535195     2.36493
  -0.619912   -0.737182     2.08478
   0.145859   0.0971343     1.24581
  -0.309769    0.136597     1.32943
  -0.094167    -1.01587      2.2668
   0.495694    0.751938     2.64793
  -0.712702   -0.367035     1.99121
    0.64784   -0.197129     1.62979
  -0.614459   -0.412556     2.35359
   -0.39045   -0.986851     2.21279
   0.911339  -0.0523818     2.15651
  -0.293409   -0.700605     2.55949
  -0.614256   -0.518606      1.7971
   0.329856   -0.687274     1.84397
   0.708994     2.06411     1.98377
  -0.428108   0.0355846     2.51732
  -0.333262   -0.996534      2.0692
    1.20293     1.34522     1.44018
   0.998628      2.1045     1.42634
  -0.398909   -0.913705     2.36276
    1.03328     0.17896     2.00556
    0.30513   -0.174143     1.39575
   0.684285    0.135994     2.60167
   0.958938     2.18768     1.52602
   0.948605    0.303132     1.57965
  -0.184199     1.41014     1.93981
  -0.521249   -0.887701      2.1149
  -0.372486    0.629032     2.36133
   0.553703     2.17427     1.67322
  -0.564861    -0.48331     2.41299
  -0.277284    0.830631     2.34921
    1.00555     2.17172     1.71362
  -0.472091   -0.493525     2.50455
  0.0149984   -0.883241     1.87906
  -0.119613    -1.00815     2.06593
  -0.370515   -0.986561     2.26023
    0.32699    0.815001     2.63334
    1.06187    0.988686     1.35838
    0.38297      1.2665     1.07021
  -0.671665   -0.537331     2.19088
  -0.510365    0.266555     1.47302
  -0.392307    -0.97369     2.26425
    1.19545     1.10716     1.48945
   0.797315     2.22908     1.67019
   0.105085    0.832961     2.58128
    0.10005      1.5988     2.12757
    1.03296    0.178629     2.04413
    1.11962    0.737605     1.54137
  0.0761089     1.65691     1.32823
   0.521207     1.06751     2.56682
   0.260554    0.644654     2.66854
   0.760189  -0.0296763     1.60779
    1.02447     1.15343     1.28183
   0.143325    0.672637      1.1129
   0.224016    -0.69232     1.75815
   0.493712     1.26399     2.49561
   0.903873     2.22015     1.64884
   0.244222    0.626355     2.67076
  -0.392916   -0.953147     2.01467
   0.458226     1.92785     1.25119
    1.25339    0.829793     1.90795
  -0.294319     1.09458     2.12978
   0.328293    0.111708     2.72514
    1.00129     2.14926     1.78477
   0.457196    0.556175      1.1508
    1.15786     2.03502     1.60447
  -0.409739    -0.97617     2.21198
    1.25617     1.77439     1.86981
   0.849271     0.27709      1.4785
   0.353259     1.51259     1.10908
    1.17281     1.41565     1.39051
   0.594089    -0.50627     2.28672
  -0.154534 -0.00877991     1.30737
  0.0442756     1.11948     1.13968
  -0.463601   -0.657591     2.47302
   0.952991    0.261574     2.38291
  -0.196862   -0.752967     1.70321
  -0.438088   -0.949563     2.07411
   0.994599     2.15677     1.49828
   0.408038     1.15184     1.06582
   0.656472     1.92047     2.12188
   0.708518     2.21436     1.51547
    1.02443    0.470117     1.56669
  -0.350189     1.08975      2.0244
   0.862627     2.22055     1.53832
    1.10999     1.71236     2.12602
   0.337036   0.0843508     2.72324
   0.906315     2.07043     1.33743
   0.786535     1.66028     2.29821
  -0.344626   -0.918582     2.39902
   0.459807   -0.216879     1.49329
    0.79366   -0.104342     1.72936
   0.224432     1.05504     2.53394
   0.955342     1.67478     2.24157
   0.758672     2.10876     1.33347
   0.544479   -0.510487     2.38796
  -0.178867    -0.90127       1.857
    -0.4919    0.848938     1.67197
  -0.413227    0.581697      2.3398
  0.0394028     1.65915     1.98432
   0.696033     2.21527     1.68917
  -0.400273    -0.98263     2.20458
   0.618292    0.126183     2.63739
   0.954733     2.13271     1.42402
  0.0460556   -0.974917     2.25172
   0.859355  -0.0818222     2.29165
   0.921062      1.8071     1.22282
  -0.105757    -1.02498     2.17766
  -0.693362    0.160533     1.93363
    0.37043   -0.763337     2.22917
   0.831414  -0.0960793     1.78996
   0.990023      2.1872     1.58812
   0.803381     2.07413      1.9755
   0.677668   -0.172545     1.64016
   0.628521      1.6919     2.28751
   0.962554     2.02588     1.33518
   0.664183   -0.420896     2.26541
  -0.101208     -1.0221      2.2351
   0.855924     1.97718     1.26082
    1.04125    0.566327      1.5268
  -0.546432   -0.238008       1.589
    0.39799   -0.687779     2.36972
  -0.604999   -0.678701     1.91562
 -0.0121218    0.422704     1.17431
   0.188808     1.75117     1.29252
   0.660927     2.13654     1.37438
    0.55153   -0.429741     1.76367
   0.109584      1.8445     1.73069
 -0.0346177    0.517072     1.16611
  -0.256027    -1.02964     2.16619
    1.19697      1.8515      1.9277
     0.2234   -0.597961     1.66099
   0.929387     2.20774     1.55645
   0.515365    0.424407     2.68583
   0.710376  -0.0916021     1.60418
   0.440692     1.13379     2.54225
-0.00534463   -0.991743     2.11451
    1.00886     2.12875     1.81849
    1.06098      2.1427     1.60417
  -0.599179   -0.289642     2.37943
   -0.48839   -0.417834     2.49905
   0.708321     2.11898     1.91158
   0.452879     2.11652     1.51123
  -0.330766     1.21022     1.63177
    1.16796     1.91312     1.91388
  -0.650305    0.134076     2.18262
 -0.0123436    0.476435     2.64749
  -0.369629   -0.920704     2.37923
   0.536441     2.03155     1.96855
  -0.553134   -0.102735     2.41871
 0.00266612   -0.969876     2.33392
   0.258681   -0.856034     2.20997
   0.723422     1.06029     2.54142
    1.17011     1.10683      2.2485
   0.799323    0.996489     1.16923
    0.48416     2.13577     1.70666
   0.966246    0.498063     1.47177
    1.16917     2.02766     1.68316
    1.05254    0.495182     1.59331
  -0.421802   -0.352183     1.53453
  -0.370953   -0.778631     2.48735
    1.04227    0.554092     1.53607
    0.63523    0.459815      2.6499
  -0.550981    0.611333     1.62638
   0.978399    0.201533     2.30296
  -0.593914  -0.0665798     2.35812
