          -1 -2.31045e-05  1.60275e-05
   -0.146182     0.115048    -0.982545
   -0.995124    0.0704675    0.0690165
    0.997808   -0.0652938    0.0107381
     0.75046    -0.592947     -0.29193
   0.0636537     0.365514    -0.928627
   -0.273365    -0.960443    -0.053113
     0.45226     0.185389     0.872406
    0.852131    0.0345146    -0.522189
    0.623356    -0.307956     0.718742
    0.965316     0.201429    -0.166104
   -0.993445    0.0937268   -0.0654433
    0.301642     0.542085     0.784319
   -0.309207    -0.538713     0.783696
    0.703627     0.641855     0.304846
   -0.969625    0.0805312     0.230957
   -0.726917    -0.161344     0.667503
  -0.0720401    -0.846645    -0.527259
   -0.416542    -0.908858   -0.0216926
    0.899218     0.340042     -0.27528
    0.999896   0.00385601    0.0138894
   -0.393417     0.919358  -0.00201194
   -0.544125    -0.743954     0.387893
   -0.997253  0.000452029   -0.0740646
   -0.557745     0.829576    0.0269054
  -0.0787168     0.971391    -0.224062
    0.693696     0.520675     0.497678
   -0.864474    -0.489973     0.112301
    0.950504     0.153001      0.27043
    0.488185     0.861851     0.137434
    -0.84615    -0.439337    -0.301685
   0.0382861     0.262619      0.96414
   -0.241751     0.910014    -0.336795
   -0.871164     0.373113    -0.319154
   -0.549774    -0.680573    -0.484324
    0.169361     0.700078    -0.693691
   0.0757964  -0.00332819     0.997118
    0.644422     0.106733     0.757185
    0.321825     0.826705    -0.461506
   -0.740942     0.371042    -0.559761
   -0.922979     -0.16829    -0.346105
   -0.183169    -0.981429    0.0569838
    0.978487    -0.135404    -0.155654
   -0.471366     0.866613     0.163694
   -0.955881     0.253296    -0.148769
   -0.318037 -0.000696634    -0.948078
    0.249541     0.959014     0.134242
    0.991265     0.020826    -0.130229
    0.998747     -0.01238   -0.0484972
    0.257191    -0.965765    -0.033937
  -0.0775758     0.989303    -0.123538
   -0.908404    -0.349679     0.229187
   -0.975289     0.174917     0.134966
    0.884329    -0.465436   -0.0365033
    -0.26027    -0.663591    -0.701361
    0.952347   -0.0618023    -0.298689
    0.986214   -0.0393389    -0.160734
    0.894172    -0.383062    -0.231776
   -0.985758   -0.0817169    -0.146983
   -0.939089     0.340622   -0.0457042
   -0.470781    -0.135718     0.871749
     0.98299    0.0879289     -0.16124
    0.438997     0.870613    -0.222067
    0.999242   -0.0381266   0.00788925
    0.283276     0.859923     0.424603
  -0.0837002     0.994944    0.0555099
   -0.176712     0.931819     0.316995
    0.438078     0.882785      0.16964
    0.955778    -0.290318    0.0469347
   0.0362881    -0.996117   -0.0802173
    0.203749     0.976562   -0.0693758
    0.599163     0.759683     0.252757
    0.844804     0.370332     0.386212
    -0.99819    0.0600237   0.00371179
   -0.083892    -0.989182     0.120337
  -0.0474515      0.71926     0.693119
    -0.71203     0.630872     0.308241
    0.939743    0.0414614    -0.339358
   -0.101895     0.994349   -0.0297933
   -0.283544    -0.956693    0.0658933
    0.997208   -0.0658275   -0.0352442
    0.848446    -0.232753    -0.475359
    0.999997  -0.00245006   0.00092138
     0.23881    -0.969527   -0.0546498
    0.817245     0.476524    -0.324092
   -0.331302     0.714951     0.615698
   -0.775933     0.577913     0.252873
    0.767984    -0.537872    -0.347698
    0.771843     0.273204    -0.574124
   -0.709909     -0.69747      -0.0978
     0.98344      0.17736   -0.0372784
   -0.734631     0.481385    -0.478107
    0.808946     0.575088    -0.121982
   -0.506518    -0.576495    -0.641166
   -0.708445     0.688866    -0.153523
    0.825208    -0.554633    -0.106835
    0.268145    -0.822758     0.501167
   -0.788454     0.597312    -0.146826
   -0.657103    -0.703661    -0.270329
    0.413508     0.557958      0.71951
    0.630352     0.687313     0.360912
    0.307629    -0.949822     0.056589
   -0.834883    -0.389011     0.389411
    -0.96154     0.273603    0.0241087
    0.279879     0.451481     -0.84725
    0.513254    -0.753795    -0.410321
  -0.0375836     0.921777     0.385894
     0.20264     0.841097     -0.50149
   -0.971205     0.035588    -0.235571
    0.786583     0.156407    -0.597347
   -0.885705    -0.365748    -0.285928
    -0.42495    -0.190598    -0.884924
   -0.541668     -0.83337    -0.109953
   -0.810031     0.428506     0.400291
   0.0484233     0.793703     0.606375
    0.979205   -0.0180661     0.202067
   -0.978516    -0.189335    0.0815973
    0.786229    -0.428519     0.445214
    0.999104   -0.0382394    0.0181207
   -0.964382     0.232419     0.126292
    0.760458    -0.634569    -0.137936
    0.349714     0.103618     0.931109
   -0.530718     0.836067    -0.139035
    0.956877     0.284293   -0.0596927
    0.726249    -0.654313      -0.2108
    0.758139     0.630921    -0.164814
    0.185905     0.552318      0.81264
    0.602725    -0.575123     0.553133
   -0.759833    -0.650113  -0.00249821
   -0.946813    -0.223347     0.231648
    0.855222     0.506675    -0.108979
    -0.99999   0.00432914  0.000942804
   -0.997677    0.0253011   -0.0632519
   -0.928857    -0.252768     0.270799
    0.641099     0.758332        0.118
   -0.639144     0.741592    -0.203805
    0.417789    -0.367123    -0.831067
     -0.9679    0.0190528     0.250612
   -0.641234    -0.702354    -0.309059
   -0.909813     0.322606    -0.261087
   -0.999787  -0.00948914   -0.0183073
   0.0571394    -0.152721    -0.986616
   -0.592721     0.754613     0.281497
    0.323137     0.734474    -0.596766
   -0.972613     0.231879    0.0160414
   -0.999969   0.00473063  -0.00622968
   -0.861305   -0.0684239      0.50346
    0.861801     0.499036    0.0909038
   -0.985766    -0.110002     0.127143
   -0.940789     -0.27431     0.199174
    0.288226    -0.955491    0.0629526
    0.990324    -0.054748     0.127517
    0.997392   -0.0508531   -0.0512108
   -0.191062     0.772385     0.605737
   -0.751277     0.566547     0.338538
   -0.177648    -0.864052     0.471015
   -0.903485    -0.281911    -0.322863
   0.0954924      -0.9952   -0.0214032
    0.241495    -0.158963    -0.957294
    0.537834    -0.307556     0.784948
   -0.843093     0.459559    -0.279283
   -0.982457  -0.00398278     0.186446
    0.987381    -0.140087    -0.073847
    0.835421   -9.853e-05     0.549611
    0.557033     0.519084     0.648279
   -0.993488   -0.0809316   -0.0802033
    0.323893     0.777264     0.539401
   -0.380047    -0.759928    -0.527327
    0.420444    -0.831994     0.361956
   -0.808412    -0.577107     0.115836
   -0.885807     0.463934   -0.0105734
    0.275926     0.888466    -0.366733
    0.400342     0.916295   -0.0114336
   -0.999609   -0.0265698   0.00870455
      0.6635    -0.746761   -0.0459883
    0.999472  -0.00602672   -0.0319247
   -0.162662     0.723296    -0.671106
   -0.794451    -0.175061     0.581551
    0.990231   -0.0708099    -0.120115
   -0.930727     0.028286     -0.36462
   0.0426505    -0.949779     0.310001
   -0.605897    -0.326602    -0.725411
    0.573895     0.168695     0.801365
     0.69727     0.666382     0.264102
   -0.258393     0.963825    0.0653766
   -0.928644     0.245762    -0.277886
   -0.245681     -0.62359    -0.742143
   -0.355448    -0.122109    -0.926685
   -0.937989    -0.253078     0.236915
   0.0754261     0.462664     0.883319
   -0.762711     0.464312    -0.450207
    -0.28362    -0.958437   -0.0309575
   -0.784592     0.619863   -0.0136384
   -0.999973  -0.00606066   0.00425564
   -0.177637    -0.727001     0.663261
   -0.855774     0.321214     0.405552
   -0.797715     0.145912    -0.585116
   -0.629245    -0.776608     0.030495
    0.834294     0.492512     0.247763
   -0.522495      0.81769     0.241622
   -0.979067    -0.170977    -0.110433
    0.648726    -0.760872    0.0151099
    0.972624    -0.166794    -0.161808
   -0.976511     0.153859     0.150847
  -0.0185797    -0.824266     0.565898
   -0.348359    -0.806616    -0.477511
   -0.177039   -0.0831212     0.980687
    0.996206   -0.0103044   -0.0864097
   0.0506901    -0.996459     0.067079
     0.26957     0.918471    -0.289386
   -0.979044    0.0951556     -0.18005
   -0.200646     0.976402    0.0798761
    0.869223     0.463428    -0.172296
   -0.810634     0.579896    0.0811955
  -0.0735455     0.990936     0.112416
    0.987517    0.0782951     0.136674
    -0.79711     0.557666      0.23157
     -0.8147    -0.569686    -0.108262
   -0.926727     -0.37551    0.0130168
   -0.997806    0.0112541    0.0652368
   0.0621682     0.640963      0.76505
      0.4387    -0.888672    -0.133435
    0.413671    -0.329268    -0.848798
   -0.850663     0.482217    -0.209379
   -0.355293     0.240261     -0.90335
   -0.997586    0.0412935    0.0558307
    0.524579    -0.848056    0.0749452
    0.962761     0.268136    -0.034562
   0.0146933     0.815227     0.578955
    0.427207      0.90196    0.0629476
   -0.021579    -0.795358     0.605756
    0.316218    -0.942924     0.104406
    0.506637     0.359021    -0.783851
    0.245341     0.552162     0.796822
  -0.0432114     0.634484     0.771727
   -0.168181     -0.98575    0.0033438
    0.516096    -0.821027    -0.244048
   0.0498231    -0.404232    -0.913298
   -0.654325    -0.746504    -0.120795
     0.34085     0.632152     0.695848
    0.988712      0.14968   0.00671602
  -0.0569118     0.641045      0.76539
    -0.96973    -0.133204    -0.204647
    0.750659     0.100374    -0.653021
    0.372272    -0.741098     0.558737
   0.0689755      0.98776    -0.139901
   -0.294406     0.321812     0.899868
    0.970104     0.122984     0.209222
   0.0741541    -0.727446    -0.682146
    0.968463    -0.217847     0.120918
   -0.999821     0.016873  -0.00856832
     0.84635    -0.253015     0.468695
   0.0180061    -0.995303   -0.0951237
    0.525455    -0.137792    -0.839589
    0.679189    -0.731659   -0.0581096
   -0.499017    -0.588607     0.636022
   -0.384237    -0.360673    -0.849869
    0.243694   -0.0479467    -0.968666
   -0.874301      0.43619     0.212922
  -0.0260698    -0.423577     0.905485
   -0.794676    -0.435322    -0.423066
   -0.984422   -0.0454712     -0.16984
    0.992447   -0.0806658   -0.0924203
    0.363652    -0.418522    -0.832224
    0.738653     0.564794     0.367967
     0.94239     0.225869    -0.246747
    0.155354    -0.983823    0.0892085
   0.0589426     0.957605     -0.28199
    0.985608     0.105168    -0.132347
    0.757577    0.0380897     0.651634
   -0.305531     0.297347     0.904564
    0.936974     -0.16734    -0.306721
    0.631704     0.434319     0.642119
   -0.966814     0.128523     0.220799
   -0.334686    -0.898963    -0.282578
   -0.204974    -0.966674     0.153384
    0.161052     0.792605     0.588081
    0.688707     0.245369     0.682258
    0.916339   -0.0139962    -0.400158
   -0.521776    -0.469892     0.712005
   -0.874645    -0.418484    -0.244678
  -0.0743203     0.691943    -0.718116
   -0.233734     0.971631     0.036078
    0.451048     0.883723    -0.124856
    0.927083     0.367492   -0.0739349
   -0.999947 -0.000874724    -0.010301
   -0.202356  -0.00139379     0.979311
    0.974948    -0.112817      -0.1917
   -0.878515    -0.370278     0.301837
   -0.216022    -0.594661     0.774411
    0.817942    -0.411137    -0.402414
    -0.93932    -0.314029      0.13807
   -0.490529     0.693533    -0.527631
   -0.683596    -0.567979     0.458362
   -0.194945    -0.951473      0.23811
    0.999967   0.00732146  -0.00358486
    0.865451     0.405382     0.294381
   -0.264028    -0.964507  -0.00393372
    0.605399     0.588447     0.535932
    0.930176    -0.245024     -0.27338
    -0.43597    -0.621805     0.650606
   -0.940742    -0.273722     0.200202
    0.882318    -0.229626    -0.410836
    0.210688    -0.976146    0.0524428
   -0.624709    0.0826102    -0.776476
   -0.648501    -0.446759     0.616323
   -0.883413     0.137941    -0.447833
   -0.121196    -0.353342     -0.92761
     0.58668     0.280924    -0.759532
     0.90078     0.121356    -0.416975
   -0.435148    -0.898088    0.0639105
    0.580486     0.731932    -0.356808
  -0.0796924    -0.286997    -0.954611
   -0.981542      -0.1875    0.0376639
    0.864599    -0.113183     0.489549
   -0.600558    -0.766627    -0.227185
    0.996023      0.05051   -0.0733922
  -0.0851224     0.292947     0.952332
   -0.212274    -0.976853   -0.0264179
    0.258293     0.643992      0.72011
   -0.891048    -0.434888     0.130022
    0.959534     0.129948     0.249817
    0.995881     -0.07015    0.0574421
   -0.721056     0.692706    0.0154191
   -0.763425     0.610091     0.212065
    0.866592     0.469377     0.169422
    0.824676     0.403106    -0.396756
    0.152203      0.71287    -0.684581
     0.88842   -0.0630723     0.454677
   -0.509786     0.825455    -0.242368
   -0.199471     0.776303     0.597968
   -0.973237     0.135487     0.185616
    0.772394      0.62131     0.131836
   -0.618259     0.782571    0.0730677
   -0.893619    -0.266395     0.361218
   -0.758693    -0.530886     0.377552
    0.298352        0.344     0.890309
    0.463457    -0.258297     0.847638
     0.38492    -0.785108    -0.485224
    0.828813     0.530942    -0.176547
    0.160275    -0.986037   -0.0451943
    0.962259    -0.173496      0.20966
    0.173564    -0.975929     0.132053
   -0.643937    -0.134966     -0.75308
   -0.910519     0.295504     0.289194
    0.204207    -0.976876    0.0633418
  -0.0324397     0.175779     0.983895
   -0.205458     0.581449    -0.787213
  -0.0433996    -0.539542     0.840839
   -0.606979     0.794559   -0.0158839
