  -0.422372    -0.89218    0.160343
  -0.670486   0.0203723   -0.741559
  -0.435127   -0.863841    0.254089
   0.475047    0.860318   -0.184738
   0.595602    0.438278   -0.673174
  -0.736577    0.312313   -0.599864
   0.559858   -0.661208   -0.499446
   0.520874    0.396088    0.756203
  0.0559282     0.82862    -0.55693
   0.872577    0.347264    0.343601
   0.171514    0.966753   -0.189477
  -0.523229   -0.838396    0.153025
     0.1489    0.427688    0.891625
   0.682398   -0.592894     0.42776
 -0.0103263    0.879113    0.476512
  -0.345291   -0.853175     0.39117
   0.167455   -0.787612    0.593129
   0.308439   -0.383169   -0.870643
   0.478357   -0.769441   -0.423335
 -0.0162368    0.979922   -0.198552
   0.426948    0.892294   -0.146519
  -0.840823    0.053823    0.538844
   0.522272   -0.852447   0.0265731
  -0.461101   -0.881967    0.097962
  -0.829021   -0.135244    0.542834
  -0.864539     0.38012    0.329026
    0.17719    0.797257    0.577051
   0.053774   -0.998359  -0.0215434
   0.433746    0.887714      0.1542
   -0.35187    0.800804    0.484747
  -0.196558   -0.917514   -0.345708
   0.338393   0.0514037    0.939661
   -0.94861    0.219153     0.22865
  -0.811695   -0.580471   0.0655293
 0.00788788   -0.740658   -0.671795
  -0.811645    0.529913   -0.245854
   0.566688  -0.0355441    0.823231
    0.59817    0.544652    0.587838
  -0.716086    0.697989 -0.00962491
    -0.8836   -0.440674   -0.158395
  -0.451304   -0.862233   -0.229933
   0.672099   -0.601203   -0.432378
   0.429438     0.82919   -0.357728
  -0.746656  -0.0558283    0.663051
  -0.668748   -0.726158    0.159918
  -0.639879   -0.187402   -0.745187
  -0.525564     0.63099     0.57077
   0.333943    0.906757   -0.257304
   0.405058    0.890483   -0.207137
     0.7981   -0.192177   -0.571144
  -0.823524    0.378772    0.422531
-0.00517966   -0.987722     0.15647
  -0.468072   -0.806899     0.36051
   0.695064    0.587783   -0.413996
 0.00188471   -0.452777   -0.891568
   0.288124    0.852847   -0.435389
   0.359607    0.878881   -0.313345
   0.534639    0.652731   -0.536721
  -0.434966   -0.900441 -0.00776143
  -0.670622   -0.683252    0.289092
   0.365892   -0.568651    0.736841
   0.264732    0.932071   -0.247165
  -0.570957    0.797434    0.195395
   0.454228    0.873844   -0.173252
  -0.283729    0.587868    0.757651
  -0.734674    0.357535    0.576744
  -0.588141    0.220111    0.778376
  -0.371182    0.762032    0.530683
    0.64148    0.720092   -0.264469
   0.702325   -0.397892   -0.590351
  -0.666448    0.618622    0.416294
  -0.168583    0.843086    0.510714
    0.29167    0.877262    0.381191
  -0.463628   -0.864514    0.194336
   0.753529   -0.522506   -0.399133
  -0.177045    0.203526     0.96302
  -0.598441   -0.389027    0.700546
   0.185435    0.891198   -0.413886
  -0.787456    0.349738    0.507743
   0.616333   -0.680772   -0.395967
   0.450641    0.864236   -0.223519
   0.275183    0.702927   -0.655816
   0.424689     0.89093   -0.160696
   0.782036    -0.20812   -0.587539
  -0.176911    0.971837   -0.155516
  -0.335112  -0.0437093    0.941284
  -0.616187   -0.463701    0.636807
   0.532885    0.483837   -0.694199
  -0.180584     0.86734   -0.463712
   0.158941   -0.930368   -0.330436
   0.265566    0.959193  -0.0967364
  -0.918193   -0.394805  -0.0335618
   -0.14475    0.987206   0.0666586
  -0.133811   -0.640269   -0.756343
  -0.885892   -0.313222    0.342456
   0.697901    0.502954   -0.509879
   0.983573   -0.174024  -0.0494423
  -0.849035   -0.425579    0.313359
  0.0936916   -0.868391   -0.486944
   0.149929    0.541081    0.827534
 -0.0446566    0.828031    0.558927
   0.856044   -0.149392   -0.494956
   0.140215   -0.955779    0.258764
   -0.59374   -0.739896    0.316494
  -0.664792    0.534754   -0.521565
   0.550058    0.167936   -0.818067
   -0.48524    0.332788    0.808701
  -0.798316    0.602071  -0.0166138
  -0.562048   -0.826797  -0.0235445
  -0.101181    0.831454    -0.54622
   -0.25877   -0.922022   -0.287927
  -0.512197   -0.372803   -0.773649
   0.323087   -0.838848   -0.438172
  -0.442439   -0.574908    0.688438
   -0.23739    0.330668    0.913494
   0.534713    0.844999  0.00338018
  -0.231051   -0.964652    0.127077
   0.883705    0.467396   0.0252768
   0.459714    0.872629     -0.1647
  -0.510224   -0.770976    0.381341
   0.712516    0.413176   -0.567119
   0.568802    0.262628    0.779455
  -0.910934  -0.0913562    0.402573
   0.164037    0.984844  -0.0557664
   0.673639    0.381397   -0.633056
  -0.229979     0.97082   0.0678388
   0.107632    0.326051    0.939262
   0.971207    0.228158   0.0691501
   0.154026   -0.963782   -0.217841
  -0.112648   -0.966638    0.230294
 -0.0681393    0.997055   0.0346324
  -0.425061    -0.89035    0.163379
  -0.473715   -0.872511     0.12001
 -0.0626101    -0.96756    0.245004
  -0.221809    0.893645     0.39017
  -0.922087   -0.223063     0.31652
 0.00185507    0.295852   -0.955172
  -0.289028   -0.880698    0.375468
   0.078764    -0.84971   -0.521321
  -0.760021   -0.643101   0.0942414
  -0.425127   -0.894288    0.140012
  -0.390593   0.0843264   -0.916611
   -0.65298   -0.225399     0.72323
  -0.720156    0.672358   -0.171274
  -0.572153   -0.767315    0.289829
  -0.429175   -0.889424    0.157564
 -0.0449502   -0.849882    0.525213
   0.046928    0.979181    0.197403
  -0.267926   -0.940848    0.207668
 -0.0900986   -0.980382    0.175605
   0.855398   -0.169847   -0.489448
   0.526492    0.846376   -0.080032
   0.431225    0.872619   -0.229176
  -0.323271    0.107697     0.94027
  -0.551719   -0.455441    0.698866
    0.80943   -0.586833  -0.0247501
   -0.34742   -0.897219   -0.272548
   0.758054   -0.350668   -0.549992
  -0.292497     0.24306   -0.924784
   0.871498    0.264392    0.413093
  -0.841891   -0.521447    0.139391
   -0.31255   -0.897281    0.311975
   0.480292    0.826722   -0.292912
   0.646322    0.689195    0.327501
   0.201015    0.659279     0.72455
  -0.403161     -0.9138   0.0499441
  -0.144736    0.576019    0.804586
   0.114767    -0.61978   -0.776305
   0.980365  -0.0280238   -0.195509
   0.143181   -0.987054  -0.0728079
  -0.719709   -0.585026    0.374078
  -0.730136     0.67456     0.10936
  -0.508324    0.761577    0.402129
  -0.398119   -0.904401    0.153789
   0.802838    0.267924   -0.532654
   0.409555    0.892237   -0.190042
  -0.956848    0.241619   -0.161624
     0.1031   -0.845135    0.524677
   0.406043    0.864473   -0.296233
  -0.608482    -0.78074   -0.142154
   0.879349    -0.41161   -0.239738
  -0.403842   -0.610355    -0.68137
   0.546565    0.504499    0.668405
 -0.0527295    0.888391    0.456064
  -0.780398    0.186983    0.596865
  -0.720642    -0.69201   0.0432528
 -0.0430283   -0.417998   -0.907369
  -0.555309   -0.276396   -0.784281
 -0.0843271   -0.972388    0.217862
   0.164377    0.180823    0.969745
  -0.902653   -0.430215  -0.0145071
   0.565883   -0.671733   -0.478162
  -0.792835   -0.425788    0.436255
  -0.415674   -0.895245    0.160762
   0.811639   -0.546105    0.207798
  -0.380344   -0.663476    0.644471
  -0.756171   -0.587823   -0.287487
   0.319474   -0.906317   -0.276761
   0.123815    0.935776      0.3301
  -0.690814    -0.13092    0.711257
  -0.347233   -0.937484  -0.0245028
   0.839548    0.242303   -0.486325
   0.446674    0.810771   -0.378254
  -0.444683   -0.818876    0.363102
   0.898117   -0.437086    0.050067
   0.188948   -0.617137    -0.76381
   0.509581   -0.294552    0.808525
   0.382228    0.892996   -0.237478
   0.787281   -0.400213   -0.469189
  -0.713518    0.674208     0.19089
  -0.579367   -0.813234   0.0552517
  -0.757481    0.242558    0.606313
 -0.0643359    0.996968  -0.0432215
  -0.723934   -0.476281    0.499283
  -0.697074    0.359028    0.620805
   0.432719    0.901493 -0.00280777
  -0.621669   -0.489331    0.611804
  0.0154707   -0.966549   -0.256067
  -0.109379   -0.993396  -0.0354717
  -0.394894   -0.891909    0.220597
 -0.0349832    0.259528    0.965175
   0.765178   0.0138297   -0.643725
 -0.0370836    0.310647   -0.949739
  -0.824376   -0.525355     0.21105
  -0.808281   -0.119149   -0.576543
  -0.421831   -0.877533    0.228265
   0.882923   0.0870742   -0.461472
   0.191774     0.98042  -0.0440034
  -0.282043    0.312846    0.907059
  -0.446772    0.771651     0.45282
   0.896945   -0.431103   0.0990175
   0.880141    -0.14357    -0.45261
  -0.467427    0.689896     -0.5527
   0.124408     0.38062    0.916377
 -0.0711846    0.161982    0.984306
   0.652965   -0.584264   -0.482052
   0.689267    0.123928   -0.713857
  -0.170278  -0.0403723   -0.984498
    0.20607   -0.900016    -0.38411
  0.0522506    0.511328    0.857844
   0.311556    0.947228  -0.0750238
 -0.0851607    0.153293    0.984589
  -0.421252   -0.902923  -0.0854723
   -0.10502    0.780419   -0.616295
   0.998457  -0.0510581   0.0246014
  -0.769225    0.510505    0.384506
    0.12019   -0.212798    0.969767
   0.431346    0.898229   0.0840896
   0.200186   -0.184488   -0.962196
   0.633232    0.755762   -0.166763
  -0.439257   -0.883708    0.161882
   0.793049    0.595882    0.126489
    0.68605   -0.412324   -0.599512
  -0.125237    0.493708   -0.860493
    0.79193    0.289803   -0.537501
   0.559953   -0.769133    0.308306
  -0.351682   -0.414909   -0.839065
  -0.378976    0.295042   -0.877034
  -0.575228   -0.609761     0.54544
   0.782647   -0.302041    0.544407
  -0.242546    -0.85745   -0.453766
  -0.473157   -0.880966 -0.00834107
   0.428982    0.859288   -0.278458
  0.0160281     0.22505   -0.974157
  0.0946202    0.870008    0.483869
   0.100879    0.965279   -0.240807
   0.834045   -0.303534   -0.460825
  -0.827212     0.50277    0.251177
    0.26863    0.939048   -0.214378
   0.639919    0.626153    0.445452
   0.135922   -0.233969    0.962787
   0.354666    0.793501   -0.494472
   0.291371    0.689217    0.663394
  -0.384687   -0.828509    0.407114
   0.366432   -0.665459   -0.650318
   0.703534   -0.623991   -0.340298
  -0.198777    0.432531    0.879515
    0.47531    0.652818    0.589834
   0.183727     0.85211   -0.489972
    0.50392   -0.744936    0.437384
  -0.193443   -0.939571   -0.282458
  -0.921654    0.311426   -0.231527
   -0.79134    0.215405    0.572371
  -0.523583    0.804043    0.281876
  0.0828941    0.996334  -0.0197433
  -0.427232   -0.891455    0.151231
   0.438274   -0.281027    0.853867
   0.392154    0.839648    -0.37569
  0.0613157   -0.977531     0.20197
   0.757794   -0.533438    0.375978
   0.431929    0.589765   -0.682325
  -0.092993   -0.990323    0.103449
   -0.99695  -0.0786115 -0.00409222
   0.372044   -0.906609    0.199463
   0.741856   -0.616992   -0.262888
   0.415112    0.895663     -0.1594
   0.225695    0.920471    0.318995
    0.59303   -0.659681   -0.461769
   0.110658    0.744411    0.658507
   0.426506    0.749847   -0.505734
   0.618692   -0.728985    0.293204
 -0.0899611   -0.980186    0.176765
    0.32164    0.727943   -0.605457
   0.832169   -0.247041    -0.49657
  -0.738857   -0.441827   -0.508725
   0.382371   -0.838053    0.389386
  -0.713253   -0.681783   -0.162649
   -0.28744   -0.169087   -0.942676
  -0.363418    0.724452   -0.585667
  0.0690131    0.899515   -0.431309
   0.508299   -0.790029   -0.342901
  -0.481506    0.876363   -0.012405
   -0.33293   -0.100108   -0.937542
  -0.257124   -0.962065   0.0916343
    0.70944    0.671579    0.213683
   0.186737   -0.850057   -0.492487
   0.344543    0.918271   -0.194941
   0.257743  -0.0441417    0.965277
   0.611935   -0.616651   -0.495349
  0.0216536    0.440413    0.897591
  0.0116493    -0.99963   0.0261969
   0.443448    0.887725    0.123478
    0.50272    0.851699   -0.147745
  -0.803856   -0.340008     0.48829
  -0.656261   -0.434218    0.617256
   0.112592    0.962396    0.247146
  -0.158767    0.953563   -0.255831
  -0.823402    0.519307   -0.228814
   0.664175    0.718442    0.206613
  -0.949474  -0.0668157    0.306965
   -0.33384    0.102712     0.93713
  -0.411281   -0.827587    0.382224
 -0.0585738    0.949061    0.309588
  -0.795503   -0.214625    0.566874
  0.0105213   -0.951339    0.308183
   0.270013    -0.94904    0.162924
   0.349212    0.326764    0.878263
   0.837453    0.213326    0.503218
   0.478811   0.0473006   -0.876637
  -0.133139    0.991065  -0.0052547
   0.766006   -0.286414   -0.575588
   0.645484    0.760698  -0.0682427
   0.858823   -0.288183   -0.423678
  -0.575083   -0.557127   -0.598987
   -0.44674   -0.711768    0.542216
   0.835785   -0.254256   -0.486761
   0.382687  -0.0519279    0.922486
  -0.932974    0.152847   -0.325892
   0.825783   -0.361949    0.432698
  -0.847002   -0.190217    0.496621
